4958.910651182506 2838.266056008859
2532.612042761703 2758.7290213632887
4490.35 1335.34
5866.75 4547.79
6130.8 1786.93
2430.1042457033736 3837.105302355188
4362.04 3761.82
5912.995645802257 2513.7490412315933
1483.8 2235.53
3615.878241758242 2488.99989010989
2609.68 1354.9
3115.377824343873 1154.2386170896864
5565.228758178215 931.3322811331753
1794.37 4592.9
4357.66 2607.58
5897.35949847759 3375.57442098365
4531.798922431865 4452.247454926625
5080.240720800057 1967.6941374367998
4277.323455882353 1879.262455882353
5180.101957639048 3286.5688208368065
3141.8695815559618 2877.544629291083
3707.3058918547645 4430.2541362625425
6313.116342145653 4193.886961591066
3946.25 3362.0
4797.177004148376 3755.8345044247626
