3707.3058918547645 4430.2541362625425
4277.323455882353 1879.262455882353
6313.116342145653 4193.886961591066
1418.2990170912244 2948.871928879965
5543.19 2154.99
4642.465412952166 3545.822943881164
3144.034634694642 2795.3054964406147
5379.282306753854 2794.9845162793295
1844.1601695134914 4565.581881230121
5727.65 839.63
3091.744955988886 1031.8839447286198
4531.798922431865 4452.247454926625
5474.266695586571 3845.095465861939
4352.2105139440855 2491.9190005124838
5897.35949847759 3375.57442098365
1995.4004308827948 1939.7882863595216
5866.75 4547.79
4687.079677574566 1068.8477267421524
2430.1042457033736 3837.105302355188
3717.1025647991787 3729.7910087550677
2532.612042761703 2758.7290213632887
4363.15 1317.39
4902.752223513406 2049.2454556514194
6245.29 2449.67
5632.82 1555.62
1490.1173922371447 1979.965944622031
4802.613666145977 2831.114393136424
3671.391325326698 3319.5329045041763
4766.82654692433 4134.049852589846
4874.439805939536 5358.228040601498
5180.101957639048 3286.5688208368065
3366.015218052873 2420.865084350992
2178.9 959.4
6333.11 1349.4
2080.9472084733547 3415.926530387343
5147.93 1308.43
3676.9788612051702 971.0543048683658
3615.878241758242 2488.99989010989
5960.685098107712 1947.7940366493597
5373.253736981729 1832.076792102814
2609.68 1354.9
3168.4978863085144 3222.0052199505753
4234.743233066187 3927.165984095904
4057.4793805315976 2939.6475749505153
3832.3866690362574 2011.1429828690334
5250.022304716148 2317.896476898446
1347.25 4800.11
2445.6885882396355 2357.847067257837
1483.8 2235.53
2836.06 4436.02
