2923.83 3563.67
4782.033384701597 3141.181213224993
4363.15 1317.39
6313.116342145653 4193.886961591066
6130.8 1786.93
2920.28 1773.64
4531.798922431865 4452.247454926625
1490.1173922371447 1979.965944622031
3832.3866690362574 2011.1429828690334
5652.153051784691 2553.9214199122034
2836.06 4436.02
5565.228758178215 931.3322811331753
3828.8402074966534 2719.4870682730925
4362.04 3761.82
1844.1601695134914 4565.581881230121
2593.4222283132285 2832.3381454231026
5474.266695586571 3845.095465861939
4381.538426686582 2067.0001244709983
1418.2990170912244 2948.871928879965
5766.458916158562 4691.809010135912
6273.547891737892 3351.43662004662
3676.9788612051702 971.0543048683658
4159.819862498378 2604.1724828122974
3707.3058918547645 4430.2541362625425
2609.68 1354.9
4874.439805939536 5358.228040601498
5147.93 1308.43
5136.55135059901 2701.3820813027673
6554.7 2396.91
6563.340946180556 1069.7723350694444
3946.25 3362.0
5890.92071107461 3203.0091690441873
3144.034634694642 2795.3054964406147
3641.61 3238.74
4862.607163376665 3625.489416626545
4902.752223513406 2049.2454556514194
3091.744955988886 1031.8839447286198
2080.9472084733547 3415.926530387343
5132.241632691849 2995.722339007692
4379.76570726344 2602.929293001418
4766.82654692433 4134.049852589846
5960.685098107712 1947.7940366493597
2445.6885882396355 2357.847067257837
3366.015218052873 2420.865084350992
6003.410817944209 531.2840795509239
2430.1042457033736 3837.105302355188
5960.91 4504.27
2178.9 959.4
2256.8621901746437 2970.877684961859
3313.3517370845525 3285.785610180425
5543.19 2154.99
5250.022304716148 2317.896476898446
4521.661839258114 3491.9029829984543
1347.25 4800.11
4057.4793805315976 2939.6475749505153
6245.29 2449.67
5180.101957639048 3286.5688208368065
1995.4004308827948 1939.7882863595216
4763.711111627277 1469.697489245247
6333.11 1349.4
6639.192743195965 3901.779368667877
1483.8 2235.53
5632.82 1555.62
5524.490241992232 3071.445405568647
3924.69582462517 4416.8030258973195
2029.840005127107 2666.7035463354914
4399.836415713414 1016.5463823611597
4802.613666145977 2831.114393136424
1586.6993904405413 1661.4239464230852
4352.2105139440855 2491.9190005124838
3717.1025647991787 3729.7910087550677
6047.5405597867475 2066.4521287128714
3615.878241758242 2488.99989010989
5373.253736981729 1832.076792102814
5912.995645802257 2513.7490412315933
