1347.25 4800.11
1418.2990170912244 2948.871928879965
1456.1699376088072 2433.926614652636
1483.8 2235.53
1489.8262096567037 2111.5822962133057
1490.1173922371447 1979.965944622031
1586.6993904405413 1661.4239464230852
1794.37 4592.9
1844.1601695134914 4565.581881230121
1995.4004308827948 1939.7882863595216
2027.8710321089 4475.208288467036
2029.840005127107 2666.7035463354914
2080.9472084733547 3415.926530387343
2178.9 959.4
2256.8621901746437 2970.877684961859
2430.1042457033736 3837.105302355188
2445.6885882396355 2357.847067257837
2532.612042761703 2758.7290213632887
2593.4222283132285 2832.3381454231026
2609.68 1354.9
2618.2937767335698 2442.9811005305296
2688.486874261119 3998.0253056805936
2836.06 4436.02
2920.28 1773.64
2923.83 3563.67
3038.626657674285 2847.151153441584
3091.744955988886 1031.8839447286198
3115.377824343873 1154.2386170896864
3141.8695815559618 2877.544629291083
3144.034634694642 2795.3054964406147
3168.4978863085144 3222.0052199505753
3230.6186190845615 2465.2956555469354
3278.8680114129156 2816.786336365681
3313.3517370845525 3285.785610180425
3366.015218052873 2420.865084350992
3527.135683588114 4425.217089015214
3567.0700172686716 2463.9618434307095
3589.5762899312576 2733.2509725030327
3615.878241758242 2488.99989010989
3641.61 3238.74
3671.391325326698 3319.5329045041763
3676.9788612051702 971.0543048683658
3682.61384007671 1263.8744081912357
3704.383950626952 4628.1023511483745
3707.3058918547645 4430.2541362625425
3717.1025647991787 3729.7910087550677
3828.8402074966534 2719.4870682730925
3832.3866690362574 2011.1429828690334
3844.49 2197.26
3865.15626778033 2470.6703665471473
3924.69582462517 4416.8030258973195
3946.25 3362.0
4042.6421869962383 3574.750512269389
4051.5792410054214 1942.545919172006
4057.4793805315976 2939.6475749505153
4121.607511429443 2773.657881743371
4127.40048528552 3721.364383161177
4134.078163667735 1293.730672911018
4159.819862498378 2604.1724828122974
4217.549045904293 2981.802115191116
4234.743233066187 3927.165984095904
4277.323455882353 1879.262455882353
4287.897196672493 2302.064267775836
4352.2105139440855 2491.9190005124838
4352.394808144586 1441.1783277696914
4357.66 2607.58
4362.04 3761.82
4363.15 1317.39
4379.76570726344 2602.929293001418
4381.538426686582 2067.0001244709983
4399.836415713414 1016.5463823611597
4428.735662071693 4271.586687798359
4477.292113248303 4352.06450128981
4488.01 1491.11
4490.35 1335.34
4503.787920655626 3555.97088252789
4504.27 1887.04
4521.661839258114 3491.9029829984543
4528.1131913520485 3911.6473217166827
4531.798922431865 4452.247454926625
4569.123614996534 2635.7387040497824
4586.643926438333 4578.2508266689165
4628.434065741681 4309.072002210627
4640.532978369384 4034.7333139212424
4642.465412952166 3545.822943881164
4662.792522904801 3015.1449737679086
4687.079677574566 1068.8477267421524
4687.97 2921.65
4718.777125188098 2719.51634137932
4763.711111627277 1469.697489245247
4766.82654692433 4134.049852589846
4782.033384701597 3141.181213224993
4797.177004148376 3755.8345044247626
4802.613666145977 2831.114393136424
4853.788627892456 1747.946086815323
4862.607163376665 3625.489416626545
4874.439805939536 5358.228040601498
4902.752223513406 2049.2454556514194
4926.919981313738 4218.061109465254
4939.005628784216 2996.3477963454734
4942.25 3086.8
4958.910651182506 2838.266056008859
4982.53976845152 3371.6102170767003
5036.35 3246.94
5080.240720800057 1967.6941374367998
5132.241632691849 2995.722339007692
5132.452967933725 2371.93376240998
5135.27 3218.73
5136.55135059901 2701.3820813027673
5138.037857425743 2815.0278772277225
5147.93 1308.43
5160.58 1322.25
5171.57 3095.95
5180.101957639048 3286.5688208368065
5227.031879600343 1153.7166460985513
5237.438016997508 3436.97803508257
5249.700652101013 4086.915959552905
5250.022304716148 2317.896476898446
5324.090560072537 2647.6907022147716
5342.639290602821 684.852919960525
5373.253736981729 1832.076792102814
5379.282306753854 2794.9845162793295
5474.266695586571 3845.095465861939
5524.490241992232 3071.445405568647
5543.19 2154.99
5565.228758178215 931.3322811331753
5632.82 1555.62
5652.153051784691 2553.9214199122034
5660.95 4068.06
5702.139729631356 4571.6995141120415
5727.65 839.63
5766.458916158562 4691.809010135912
5797.093426232108 1434.9250242364528
5844.72 1786.6
5866.75 4547.79
5881.85 2176.02
5883.185677585329 3054.9598585200124
5890.92071107461 3203.0091690441873
5897.024024255788 4374.080352811466
5897.35949847759 3375.57442098365
5903.969590661404 4741.4999917602
5912.995645802257 2513.7490412315933
5960.685098107712 1947.7940366493597
5960.91 4504.27
6003.410817944209 531.2840795509239
6047.5405597867475 2066.4521287128714
6091.819077900485 2764.310043368676
6116.832941007329 4743.696045028937
6130.8 1786.93
6245.29 2449.67
6273.547891737892 3351.43662004662
6313.116342145653 4193.886961591066
6333.11 1349.4
6370.63 1912.01
6379.292277637424 3491.3973463645098
6390.100329672641 4329.894341656625
6554.7 2396.91
6563.340946180556 1069.7723350694444
6639.192743195965 3901.779368667877
